500000188	1000001	1
500000198	1000001	1
500000411	1000001	1
500001382	1000001	1
500001473	1000001	1
500002135	1000001	1
500003750	1000001	1
500003788	1000001	1
500004955	1000001	1
500004986	1000001	1
500007733	1000001	1
500008299	1000001	1
500009160	1000001	1
500011143	1000001	1
500011785	1000001	1
500013483	1000001	1
500016942	1000001	1
500017354	1000001	1
500017480	1000001	1
500017534	1000001	1
500019154	1000001	1
500020084	1000001	1
500020867	1000001	1
500021667	1000001	1
500021693	1000001	1
500022996	1000001	1
500025832	1000001	1
500028005	1000001	1
500028449	1000001	1
500028888	1000001	1
500029082	1000001	1
500030849	1000001	1
500033280	1000001	1
500039476	1000001	1
500040724	1000001	1
500041837	1000001	1
500046476	1000001	1
500047787	1000001	1
500048280	1000001	1
500049516	1000001	1
500051472	1000001	1
500051905	1000001	1
500052045	1000001	1
500052956	1000001	1
500054223	1000001	1
500054739	1000001	1
500054781	1000001	1
500055507	1000001	1
500057041	1000001	1
500057367	1000001	1
500058030	1000001	1
500058078	1000001	1
500058442	1000001	1
500058947	1000001	1
500060837	1000001	1
500061042	1000001	1
500061165	1000001	1
500063127	1000001	1
500065317	1000001	1
500065911	1000001	1
500066757	1000001	1
500068081	1000001	1
500069072	1000001	1
500071322	1000001	1
500074264	1000001	1
500074427	1000001	1
500074574	1000001	1
500075969	1000001	1
500079588	1000001	1
500084426	1000001	1
500085612	1000001	1
500087843	1000001	1
500089058	1000001	1
500094438	1000001	1
500097715	1000001	1
500100959	1000001	1
500101601	1000001	1
500102563	1000001	1
500104975	1000001	1
500105981	1000001	1
500107493	1000001	1
500108777	1000001	1
500110152	1000001	1
500111239	1000001	1
500111883	1000001	1
500112508	1000001	1
500116536	1000001	1
500116576	1000001	1
500116663	1000001	1
500116789	1000001	1
500119122	1000001	1
500121406	1000001	1
500122634	1000001	1
500122731	1000001	1
500125692	1000001	1
500126196	1000001	1
500126540	1000001	1
500126854	1000001	1
500128834	1000001	1
500131029	1000001	1
500131374	1000001	1
500131964	1000001	1
500132133	1000001	1
500133990	1000001	1
500134119	1000001	1
500135905	1000001	1
500136314	1000001	1
500137933	1000001	1
500138366	1000001	1
500145319	1000001	1
500145728	1000001	1
500149759	1000001	1
500150304	1000001	1
500151293	1000001	1
500152043	1000001	1
500155273	1000001	1
500155820	1000001	1
500156063	1000001	1
500156914	1000001	1
500157273	1000001	1
500157621	1000001	1
500158001	1000001	1
500158168	1000001	1
500158824	1000001	1
500160219	1000001	1
500161802	1000001	1
500162788	1000001	1
500163088	1000001	1
500164211	1000001	1
500165919	1000001	1
500166078	1000001	1
500168633	1000001	1
500172055	1000001	1
500172244	1000001	1
500172297	1000001	1
500175779	1000001	1
500176032	1000001	1
500177072	1000001	1
500178822	1000001	1
500180368	1000001	1
500180842	1000001	1
500183022	1000001	1
500183089	1000001	1
500183270	1000001	1
500185401	1000001	1
500187148	1000001	1
500196523	1000001	1
500197529	1000001	1
500198317	1000001	1
500198933	1000001	1
500201508	1000001	1
500205568	1000001	1
500206238	1000001	1
500206900	1000001	1
500207835	1000001	1
500210376	1000001	1
500213200	1000001	1
500214874	1000001	1
500215753	1000001	1
500217265	1000001	1
500220442	1000001	1
500220842	1000001	1
500222375	1000001	1
500225224	1000001	1
500225284	1000001	1
500227297	1000001	1
500228079	1000001	1
500228906	1000001	1
500230148	1000001	1
500232486	1000001	1
500233465	1000001	1
500236394	1000001	1
500238171	1000001	1
500239296	1000001	1
500242025	1000001	1
500242885	1000001	1
500243105	1000001	1
500243940	1000001	1
500244253	1000001	1
500245066	1000001	1
500248025	1000001	1
500255343	1000001	1
500256142	1000001	1
500256223	1000001	1
500256656	1000001	1
500258199	1000001	1
500258694	1000001	1
500259210	1000001	1
500259217	1000001	1
500260181	1000001	1
500260378	1000001	1
500261933	1000001	1
500262891	1000001	1
500263431	1000001	1
500263592	1000001	1
500264966	1000001	1
500265180	1000001	1
500269092	1000001	1
500269191	1000001	1
500269269	1000001	1
500272394	1000001	1
500275191	1000001	1
500275362	1000001	1
500275671	1000001	1
500276097	1000001	1
500277903	1000001	1
500278403	1000001	1
500281614	1000001	1
500281822	1000001	1
500283434	1000001	1
500284178	1000001	1
500285949	1000001	1
500290755	1000001	1
500291500	1000001	1
500292103	1000001	1
500295910	1000001	1
500296072	1000001	1
500296638	1000001	1
500296781	1000001	1
500296875	1000001	1
500299481	1000001	1
500301232	1000001	1
500303071	1000001	1
500305799	1000001	1
500307701	1000001	1
500310766	1000001	1
500311246	1000001	1
500312717	1000001	1
500314444	1000001	1
500316016	1000001	1
500316686	1000001	1
500316748	1000001	1
500318182	1000001	1
500318737	1000001	1
500319261	1000001	1
500320334	1000001	1
500320817	1000001	1
500321864	1000001	1
500324099	1000001	1
500324659	1000001	1
500327959	1000001	1
500329094	1000001	1
500333696	1000001	1
500333758	1000001	1
500334329	1000001	1
500335412	1000001	1
500336059	1000001	1
500336969	1000001	1
500339407	1000001	1
500340973	1000001	1
500341724	1000001	1
500342393	1000001	1
500343580	1000001	1
500344561	1000001	1
500344741	1000001	1
500345746	1000001	1
500345762	1000001	1
500345952	1000001	1
500347611	1000001	1
500347906	1000001	1
500349377	1000001	1
500349659	1000001	1
500349747	1000001	1
500349768	1000001	1
500352886	1000001	1
500354256	1000001	1
500354774	1000001	1
500354804	1000001	1
500354830	1000001	1
500355244	1000001	1
500355395	1000001	1
500355609	1000001	1
500357219	1000001	1
500357450	1000001	1
500358339	1000001	1
500359685	1000001	1
500359694	1000001	1
500360774	1000001	1
500360983	1000001	1
500361711	1000001	1
500363883	1000001	1
500363889	1000001	1
500364198	1000001	1
500364205	1000001	1
500364311	1000001	1
500364371	1000001	1
500365991	1000001	1
500367505	1000001	1
500369410	1000001	1
500369491	1000001	1
500370876	1000001	1
500371100	1000001	1
500373409	1000001	1
500374968	1000001	1
500375216	1000001	1
500379001	1000001	1
500379880	1000001	1
500382699	1000001	1
500383337	1000001	1
500383968	1000001	1
500384825	1000001	1
500389564	1000001	1
500389845	1000001	1
500390262	1000001	1
500390490	1000001	1
500392319	1000001	1
500393810	1000001	1
500394456	1000001	1
500395821	1000001	1
500396911	1000001	1
500399068	1000001	1
500401715	1000001	1
500402279	1000001	1
500403211	1000001	1
500404434	1000001	1
500404608	1000001	1
500406104	1000001	1
500406490	1000001	1
500406733	1000001	1
500406791	1000001	1
500408701	1000001	1
500410601	1000001	1
500412861	1000001	1
500412869	1000001	1
500413713	1000001	1
500413970	1000001	1
500415095	1000001	1
500415246	1000001	1
500415409	1000001	1
500415619	1000001	1
500416251	1000001	1
500416962	1000001	1
500419922	1000001	1
500420325	1000001	1
500421158	1000001	1
500422020	1000001	1
500423809	1000001	1
500423942	1000001	1
500424812	1000001	1
500424905	1000001	1
500425868	1000001	1
500426407	1000001	1
500429038	1000001	1
500430791	1000001	1
500430793	1000001	1
500431502	1000001	1
500434349	1000001	1
500435190	1000001	1
500436119	1000001	1
500436904	1000001	1
500437519	1000001	1
500438251	1000001	1
500438430	1000001	1
500439979	1000001	1
500440136	1000001	1
500440423	1000001	1
500440633	1000001	1
500441501	1000001	1
500441792	1000001	1
500443174	1000001	1
500443277	1000001	1
500443424	1000001	1
500443427	1000001	1
500445769	1000001	1
500448420	1000001	1
500448621	1000001	1
500448635	1000001	1
500448763	1000001	1
500449110	1000001	1
500449124	1000001	1
500449485	1000001	1
500449512	1000001	1
500450488	1000001	1
500450547	1000001	1
500450891	1000001	1
500451080	1000001	1
500451303	1000001	1
500452463	1000001	1
500453317	1000001	1
500453464	1000001	1
500454693	1000001	1
500456208	1000001	1
500456336	1000001	1
500456690	1000001	1
500456978	1000001	1
500457151	1000001	1
500457607	1000001	1
500458418	1000001	1
500458448	1000001	1
500458554	1000001	1
500459126	1000001	1
500459359	1000001	1
500459652	1000001	1
500459799	1000001	1
500459990	1000001	1
500459994	1000001	1
500460126	1000001	1
500460569	1000001	1
500460946	1000001	1
500461082	1000001	1
500461488	1000001	1
500461684	1000001	1
500461900	1000001	1
500462122	1000001	1
500462139	1000001	1
500462707	1000001	1
500464010	1000001	1
500464786	1000001	1
500465219	1000001	1
500465651	1000001	1
500465657	1000001	1
500466535	1000001	1
500466614	1000001	1
500466719	1000001	1
500466892	1000001	1
500467214	1000001	1
500468076	1000001	1
500468677	1000001	1
500468865	1000001	1
500469550	1000001	1
500469568	1000001	1
500469904	1000001	1
500469909	1000001	1
500470412	1000001	1
500470732	1000001	1
500470900	1000001	1
500471393	1000001	1
500471648	1000001	1
500472148	1000001	1
500473141	1000001	1
500473313	1000001	1
500473377	1000001	1
500473940	1000001	1
500475351	1000001	1
500475355	1000001	1
500476153	1000001	1
500476896	1000001	1
500477378	1000001	1
500477490	1000001	1
500477874	1000001	1
500478122	1000001	1
500478501	1000001	1
500478848	1000001	1
500479416	1000001	1
500480096	1000001	1
500480383	1000001	1
500481003	1000001	1
500481005	1000001	1
500481013	1000001	1
500481517	1000001	1
500481544	1000001	1
500481892	1000001	1
500482396	1000001	1
500482963	1000001	1
500483882	1000001	1
500484104	1000001	1
500484658	1000001	1
500485043	1000001	1
500486514	1000001	1
500486522	1000001	1
500486588	1000001	1
500486902	1000001	1
500487190	1000001	1
500487923	1000001	1
500488197	1000001	1
500488544	1000001	1
500489194	1000001	1
500489892	1000001	1
500489926	1000001	1
500489964	1000001	1
500490355	1000001	1
500491141	1000001	1
500491167	1000001	1
500491321	1000001	1
500492569	1000001	1
500492662	1000001	1
500493070	1000001	1
500493413	1000001	1
500493910	1000001	1
500494097	1000001	1
500494359	1000001	1
500494947	1000001	1
500495172	1000001	1
500496200	1000001	1
500496203	1000001	1
500496875	1000001	1
500496976	1000001	1
500496993	1000001	1
500497091	1000001	1
500497159	1000001	1
500497252	1000001	1
500497268	1000001	1
500497399	1000001	1
500497726	1000001	1
500497832	1000001	1
500498230	1000001	1
500498480	1000001	1
500498509	1000001	1
500498640	1000001	1
500498829	1000001	1
500498974	1000001	1
500499185	1000001	1
500499203	1000001	1
500499231	1000001	1
500499260	1000001	1
500499496	1000001	1
500499983	1000001	1
500500430	1000001	1
500500461	1000001	1
500500643	1000001	1
500500991	1000001	1
500501066	1000001	1
500501165	1000001	1
500501291	1000001	1
500501512	1000001	1
500501858	1000001	1
500502073	1000001	1
500502250	1000001	1
500502413	1000001	1
500502663	1000001	1
500502955	1000001	1
500503112	1000001	1
500503840	1000001	1
500505232	1000001	1
500505665	1000001	1
500506173	1000001	1
500506245	1000001	1
500506315	1000001	1
500506316	1000001	1
500506458	1000001	1
500506553	1000001	1
500506692	1000001	1
500506840	1000001	1
500506899	1000001	1
500506962	1000001	1
500507051	1000001	1
500507062	1000001	1
500507113	1000001	1
500507219	1000001	1
500507229	1000001	1
500507233	1000001	1
500507236	1000001	1
500507238	1000001	1
500507239	1000001	1
500507241	1000001	1
500507242	1000001	1
500507243	1000001	1
500507244	1000001	1
500507245	1000001	1
500507248	1000001	1
500507250	1000001	1
500507251	1000001	1
500507252	1000001	1
500507254	1000001	1
500507256	1000001	1
500507257	1000001	1
500507259	1000001	1
500507260	1000001	1
500507261	1000001	1
500507263	1000001	1
500507264	1000001	1
500507265	1000001	1
500507266	1000001	1
500507267	1000001	1
500507268	1000001	1
500507269	1000001	1
500507271	1000001	1
500507272	1000001	1
500507274	1000001	1
500507275	1000001	1
500507276	1000001	1
500507281	1000001	1
500507282	1000001	1
500507283	1000001	1
500507284	1000001	1
500507285	1000001	1
500507287	1000001	1
500507288	1000001	1
500507289	1000001	1
500507290	1000001	1
500507291	1000001	1
500507296	1000001	1
500507297	1000001	1
500507300	1000001	1
500507301	1000001	1
500507302	1000001	1
500507305	1000001	1
500507306	1000001	1
500507309	1000001	1
500507312	1000001	1
500507313	1000001	1
500507315	1000001	1
500507316	1000001	1
500507319	1000001	1
500507322	1000001	1
500507328	1000001	1
500507329	1000001	1
500507331	1000001	1
500507338	1000001	1
500507339	1000001	1
500507340	1000001	1
500507344	1000001	1
500507345	1000001	1
500507348	1000001	1
500507349	1000001	1
500507351	1000001	1
500507354	1000001	1
500507361	1000001	1
500507362	1000001	1
500507363	1000001	1
500507365	1000001	1
500507366	1000001	1
500507367	1000001	1
500507368	1000001	1
500507369	1000001	1
500507371	1000001	1
500507372	1000001	1
500507373	1000001	1
500507374	1000001	1
500507376	1000001	1
500507378	1000001	1
500507379	1000001	1
500507380	1000001	1
500507381	1000001	1
500507382	1000001	1
500507383	1000001	1
500507384	1000001	1
500507385	1000001	1
500507391	1000001	1
500507396	1000001	1
500507401	1000001	1
500507404	1000001	1
500507405	1000001	1
500507407	1000001	1
500507409	1000001	1
500507410	1000001	1
500507411	1000001	1
500507412	1000001	1
500507413	1000001	1
500507414	1000001	1
500507416	1000001	1
500507417	1000001	1
500507418	1000001	1
500507419	1000001	1
500507420	1000001	1
500507421	1000001	1
500507422	1000001	1
500507423	1000001	1
500507425	1000001	1
500507426	1000001	1
500507428	1000001	1
500507429	1000001	1
500507430	1000001	1
500507432	1000001	1
500507433	1000001	1
500507434	1000001	1
500507435	1000001	1
500507436	1000001	1
500507437	1000001	1
500507439	1000001	1
500507440	1000001	1
500507442	1000001	1
500507443	1000001	1
500507447	1000001	1
500507450	1000001	1
500507452	1000001	1
500507455	1000001	1
500507457	1000001	1
500507459	1000001	1
500507462	1000001	1
500507464	1000001	1
500507465	1000001	1
500507466	1000001	1
500507467	1000001	1
500507472	1000001	1
500507477	1000001	1
500507479	1000001	1
500507483	1000001	1
500507484	1000001	1
500507486	1000001	1
500507487	1000001	1
500507490	1000001	1
500507491	1000001	1
500507493	1000001	1
500507495	1000001	1
500507496	1000001	1
500507498	1000001	1
500507499	1000001	1
500507500	1000001	1
500507502	1000001	1
500507503	1000001	1
500507504	1000001	1
500507506	1000001	1
500507508	1000001	1
500507509	1000001	1
500507510	1000001	1
500507511	1000001	1
500507516	1000001	1
500507519	1000001	1
500507520	1000001	1
500507521	1000001	1
500507522	1000001	1
500507525	1000001	1
500507526	1000001	1
500507530	1000001	1
500507533	1000001	1
500507534	1000001	1
500507536	1000001	1
500507538	1000001	1
500507540	1000001	1
500507541	1000001	1
500507543	1000001	1
500507545	1000001	1
500507547	1000001	1
500507548	1000001	1
500507550	1000001	1
500507552	1000001	1
500507553	1000001	1
500507554	1000001	1
500507557	1000001	1
500507559	1000001	1
500507560	1000001	1
500507562	1000001	1
500507563	1000001	1
500507564	1000001	1
500507565	1000001	1
500507568	1000001	1
500507570	1000001	1
500507571	1000001	1
500507572	1000001	1
500507574	1000001	1
500507575	1000001	1
500507576	1000001	1
500507580	1000001	1
500507581	1000001	1
500507582	1000001	1
500507587	1000001	1
500507589	1000001	1
500507590	1000001	1
500507591	1000001	1
500507594	1000001	1
500507598	1000001	1
500507599	1000001	1
500507600	1000001	1
500507601	1000001	1
500507602	1000001	1
500507604	1000001	1
500507605	1000001	1
500507611	1000001	1
500507612	1000001	1
500507614	1000001	1
500507615	1000001	1
500507616	1000001	1
500507617	1000001	1
500507618	1000001	1
500507621	1000001	1
500507623	1000001	1
500507624	1000001	1
500507625	1000001	1
500507626	1000001	1
500507628	1000001	1
500507629	1000001	1
500507630	1000001	1
500507631	1000001	1
500507632	1000001	1
500507633	1000001	1
500507636	1000001	1
500507638	1000001	1
500507639	1000001	1
500507641	1000001	1
500507642	1000001	1
500507643	1000001	1
500507644	1000001	1
500507645	1000001	1
500507646	1000001	1
500507647	1000001	1
500507648	1000001	1
500507649	1000001	1
500507650	1000001	1
500507651	1000001	1
500507652	1000001	1
500507653	1000001	1
500507655	1000001	1
500507656	1000001	1
500507657	1000001	1
500507658	1000001	1
500507659	1000001	1
500507660	1000001	1
500507661	1000001	1
500507663	1000001	1
500507664	1000001	1
500507665	1000001	1
500507667	1000001	1
500507668	1000001	1
500507669	1000001	1
500507670	1000001	1
500507676	1000001	1
500507677	1000001	1
500507684	1000001	1
500507685	1000001	1
500507686	1000001	1
500507687	1000001	1
500507689	1000001	1
500507693	1000001	1
500507694	1000001	1
500507698	1000001	1
500507700	1000001	1
500507701	1000001	1
500507702	1000001	1
500507703	1000001	1
500507704	1000001	1
500507705	1000001	1
500507706	1000001	1
500507707	1000001	1
500507708	1000001	1
500507710	1000001	1
500507711	1000001	1
500507714	1000001	1
500507715	1000001	1
500507716	1000001	1
500507717	1000001	1
500507718	1000001	1
500507720	1000001	1
500507722	1000001	1
500507724	1000001	1
500507725	1000001	1
500507726	1000001	1
500507727	1000001	1
500507728	1000001	1
500507730	1000001	1
500507731	1000001	1
500507732	1000001	1
500507733	1000001	1
500507734	1000001	1
500507737	1000001	1
500507738	1000001	1
500507741	1000001	1
500507743	1000001	1
500507744	1000001	1
500507745	1000001	1
500507747	1000001	1
500507748	1000001	1
500507749	1000001	1
500507750	1000001	1
500507752	1000001	1
500507754	1000001	1
500507756	1000001	1
500507757	1000001	1
500507758	1000001	1
500507760	1000001	1
500507761	1000001	1
500507765	1000001	1
500507766	1000001	1
500507771	1000001	1
500507772	1000001	1
500507773	1000001	1
500507774	1000001	1
500507775	1000001	1
500507776	1000001	1
500507777	1000001	1
500507778	1000001	1
500507781	1000001	1
500507782	1000001	1
500507783	1000001	1
500507784	1000001	1
500507785	1000001	1
500507786	1000001	1
500507789	1000001	1
600000152	1000001	1
600000160	1000001	1
600000307	1000001	1
600000752	1000001	1
600002735	1000001	1
600002946	1000001	1
600003965	1000001	1
600004032	1000001	1
600004534	1000001	1
600004540	1000001	1
600005032	1000001	1
600005315	1000001	1
600006024	1000001	1
600006114	1000001	1
600006374	1000001	1
600006910	1000001	1
600007097	1000001	1
600007638	1000001	1
600008522	1000001	1
600009063	1000001	1
600009521	1000001	1
600009615	1000001	1
600010662	1000001	1
600011011	1000001	1
600011099	1000001	1
600011704	1000001	1
600012400	1000001	1
600012455	1000001	1
600012687	1000001	1
600012847	1000001	1
600013025	1000001	1
600013312	1000001	1
600013346	1000001	1
600013648	1000001	1
600013693	1000001	1
600013787	1000001	1
600014310	1000001	1
600014678	1000001	1
600014928	1000001	1
600014983	1000001	1
600015237	1000001	1
600015370	1000001	1
600016097	1000001	1
600016113	1000001	1
600016121	1000001	1
600016182	1000001	1
600016184	1000001	1
600016185	1000001	1
600016186	1000001	1
600016187	1000001	1
600016188	1000001	1
600016189	1000001	1
600016196	1000001	1
600016197	1000001	1
600016198	1000001	1
600016199	1000001	1
600016200	1000001	1
600016201	1000001	1
600016202	1000001	1
600016203	1000001	1
600016205	1000001	1
600016207	1000001	1
600016208	1000001	1
600016211	1000001	1
600016213	1000001	1
600016214	1000001	1
600016215	1000001	1
600016216	1000001	1
600016217	1000001	1
600016218	1000001	1
600016220	1000001	1
600016221	1000001	1
600016222	1000001	1
600016223	1000001	1
600016224	1000001	1
600016225	1000001	1
600016226	1000001	1
600016234	1000001	1
600016235	1000001	1
600016236	1000001	1
600016237	1000001	1
600016238	1000001	1
600016239	1000001	1
600016240	1000001	1
600016241	1000001	1
600016243	1000001	1
600016244	1000001	1
600016245	1000001	1
600016246	1000001	1
600016247	1000001	1
600016248	1000001	1
600016250	1000001	1
600016251	1000001	1
600016252	1000001	1
600016257	1000001	1
600016260	1000001	1
600016261	1000001	1
600016262	1000001	1
600016264	1000001	1
600016265	1000001	1
600016266	1000001	1
600016268	1000001	1
600016269	1000001	1
600016272	1000001	1
600016273	1000001	1
600016275	1000001	1
600016276	1000001	1
600016277	1000001	1
600016278	1000001	1
600016280	1000001	1
600016281	1000001	1
600016284	1000001	1
600016285	1000001	1
600016286	1000001	1
